Parameters:
	num_leaves: 11
	max_depth: 7
	min_data_in_leaf: 5
	feature_fraction: 0.168540041165465
	bagging_fraction: 0.891583558322136
	bagging_freq: 6
	lambda_l1: 0.07372468016531408
	lambda_l2: 0.0016630692573430111
	min_gain_to_split: 0.010929992093708683
Best Score: -0.43497752535017953