Parameters:
	num_leaves: 10
	max_depth: 4
	min_data_in_leaf: 4
	feature_fraction: 0.5155797954395136
	bagging_fraction: 0.949547308731967
	bagging_freq: 14
	lambda_l1: 0.3655860878993454
	lambda_l2: 0.20592581978188682
	min_gain_to_split: 0.023774660431710056
	objective: regression
	metric: rmse
	random_state: 777
	learning_rate: 0.01
Best Score: -0.27070073335150263